0. 0.000978924 0.00449212 0.0125207 0.0346618 0.0993573 0.280554
0.545087 0.740645 0.86862 0.951251 1.00245 1.03131 1.04488
1.04665 1.0401 1.02795 1.01139 0.991307 0.969352 0.946608
0.922688 0.898289 0.873865 0.849461 0.825449 0.801739 0.77864
0.756079 0.734133 0.712756 0.692202 0.672181 0.652477 0.634228
0.616266 0.598876 0.582068 0.565978 0.550193 0.535293 0.520949
0.506945 0.483477 0.480467 0.467998 0.455849 0.444173 0.432939
0.422261 0.411783 0.401702 0.391954 0.382552 0.373442 0.364688
0.356188 0.34792 0.33995 0.332359 0.324919 0.317711 0.310754
0.304005 0.297455 0.291115 0.285122 0.279036 0.273256 0.267625
0.262223 0.256957 0.251832 0.246881 0.242007 0.237302 0.232726
0.228327 0.224031 0.219843 0.215767 0.211797 0.207932 0.204166
0.200501 0.196928 0.193447 0.190052 0.186787 0.183591 0.180462
0.177421 0.174451 0.171552 0.16872 0.165963 0.163267 0.160631
0.158059 0.155522 0.153078 0.150672 0.148325 0.146031 0.143792
0.141609 0.139476 0.137431 0.135387 0.133389 0.131456 0.129525
0.127661 0.12583 0.124041 0.122283 0.120566 0.118882 0.117237
0.115628 0.114051 0.112444 0.110986 0.1095 0.108034 0.106582
0.105212 0.103812 0.102493 0.101137 0.0998749 0.0986019 0.0973514
0.0961245 0.0949118 0.0937551 0.0925969 0.0914541 0.0903447 0.089251
0.0881747 0.0871171 0.0860807 0.085064 0.0840126 0.083073 0.0807309
0.0811577 0.0801964 0.0793103 0.0783863 0.0774803 0.0766524 0.0757942
0.0749485 0.0741225 0.0733028 0.0724973 0.0717075 0.0709294 0.0701581
0.069407 0.068672 0.0679473 0.0672363 0.066533 0.0658386 0.065153
0.0644819 0.0637692 0.0631191 0.0625009 0.0618904 0.061257 0.060652
0.0600465 0.0594489 0.058832 0.0582807 0.0577091 0.0570821
