0.0000868962 0.000160797 0.00039215 0.000830915 0.00166139 0.00448462 0.0215905
0.106298 0.17312 0.207621 0.225719 0.234296 0.237194 0.236624
0.233523 0.228961 0.223474 0.217366 0.210985 0.204415 0.197747
0.191285 0.18479 0.178584 0.172494 0.166625 0.160945 0.155515
0.150269 0.145232 0.140472 0.135845 0.131402 0.127172 0.123112
0.119205 0.115525 0.11195 0.108543 0.105238 0.102066 0.0991367
0.0962624 0.0934852 0.09082 0.0882911 0.0858406 0.0835058 0.0812145
0.0791065 0.076982 0.0750161 0.0730453 0.0712023 0.0693847 0.0676663
0.065995 0.0643772 0.0628278 0.0613487 0.0598755 0.058502 0.0571223
0.0558466 0.054584 0.0533715 0.052188 0.0510511 0.0499507 0.0488576
0.0478379 0.0468195 0.0458546 0.0449208 0.0439878 0.0431066 0.0422467
0.0414094 0.0406078 0.0398157 0.0390555 0.0383115 0.0375883 0.0368592
0.0361854 0.0355322 0.0348789 0.0342484 0.0336516 0.0330342 0.0324562
0.0318995 0.0313422 0.0307942 0.0302735 0.0297658 0.0292716 0.0287753
0.0283076 0.0278509 0.0274035 0.0269541 0.0265311 0.0261125 0.025695
0.0252938 0.0249075 0.0245316 0.0241357 0.0237821 0.0234228 0.0230907
0.0227275 0.0223959 0.0220731 0.0217563 0.0214396 0.0211356 0.0208326
0.0205337 0.0202541 0.0199693 0.0196996 0.0194241 0.0191652 0.0189069
0.0186481 0.0184046 0.018154 0.0179177 0.0176863 0.0174608 0.0172262
0.0170092 0.0167929 0.0165789 0.0163698 0.0161646 0.0159688 0.0157691
0.0155709 0.0153873 0.015201 0.0150145 0.0148337 0.0146574 0.0144851
0.0143122 0.0141495 0.0139885 0.0138213 0.0136621 0.0135043 0.0133472
0.0132004 0.013039 0.0129059 0.0127591 0.0126205 0.012479 0.012343
0.0121596 0.0120757 0.0119456 0.011818 0.0116919 0.0115693 0.0114464
0.0113264 0.0112114 0.0110897 0.0109772 0.0108646 0.0107552 0.010647
0.0105326 0.0104312 0.0103239 0.010224 0.0101225 0.0100186
