          -14
1.27999 10           -12
2.41511 10           -10
3.92517 10          -8
7.5569 10          -6
2.1207 10 0.0000206124 0.000112012
0.000443096 0.00148316 0.00467793 0.0148393 0.0435393 0.0930297 0.143386
0.184349 0.217173 0.241082 0.258569 0.271337 0.280396 0.285836
0.289142 0.290542 0.290327 0.289092 0.286716 0.283831 0.279571
0.276201 0.271796 0.267213 0.262412 0.25749 0.252539 0.247431
0.242246 0.237336 0.23234 0.227395 0.222516 0.217678 0.212953
0.208293 0.203729 0.199323 0.195042 0.190797 0.186606 0.18262
0.178681 0.17479 0.170886 0.167418 0.163918 0.160499 0.15711
0.153877 0.15066 0.147585 0.144564 0.141643 0.138832 0.136065
0.133371 0.130789 0.128172 0.125688 0.123256 0.120906 0.118629
0.116401 0.114213 0.112103 0.110058 0.108039 0.106076 0.104183
0.102324 0.100435 0.0987109 0.0970042 0.0953247 0.0936741 0.0920629
0.0904948 0.0890054 0.0875238 0.0860756 0.0846501 0.0832735 0.08188
0.0805922 0.0792919 0.0780549 0.0767872 0.075604 0.0744604 0.0732837
0.0720233 0.0710968 0.0700262 0.0689642 0.0679434 0.0669384 0.0659568
0.0649945 0.0640112 0.0631281 0.062229 0.0613455 0.0604396 0.0595918
0.0587231 0.057993 0.057187 0.0564137 0.0556543 0.0548996 0.0541607
0.0534389 0.0525751 0.0520638 0.0513694 0.050705 0.0500453 0.0494022
0.0487656 0.0481541 0.0475622 0.0469703 0.0464056 0.045814 0.0452612
0.0446761 0.0441413 0.0436097 0.0430799 0.0424563 0.0420694 0.0415704
0.0410837 0.0406065 0.0401293 0.0396613 0.0392168 0.0386718 0.0382093
0.0378947 0.0374739 0.0370491 0.0366363 0.0362348 0.0358348 0.0354409
0.0350631 0.0346886 0.0343054 0.033937 0.0338334 0.0332239 0.032873
0.0325191 0.0321745 0.0318364 0.031508 0.031192 0.030877 0.0305697
0.0302514 0.0299559 0.0296563 0.0293543 0.0290664 0.0287774 0.0284449
0.0282159 0.0279386 0.0276735 0.0274087 0.0271438 0.0268835
