0. 0. 0.0000575459 0.000256474 0.00105639 0.00541734 0.0307146
0.105348 0.170821 0.212856 0.239264 0.255463 0.264796 0.269381
0.270645 0.269545 0.26677 0.262799 0.258025 0.252653 0.246917
0.240945 0.234853 0.228718 0.222601 0.216548 0.210595 0.204754
0.199056 0.193504 0.18811 0.182881 0.177807 0.172903 0.168158
0.163574 0.159146 0.154871 0.150743 0.146762 0.142915 0.139207
0.135629 0.132116 0.128833 0.125623 0.122517 0.119513 0.116616
0.112153 0.111114 0.108501 0.105972 0.103531 0.101169 0.0988793
0.0966729 0.0945322 0.0924574 0.0904537 0.0885101 0.0866271 0.0848019
0.0830326 0.0813169 0.0796529 0.0780387 0.0667044 0.074948 0.0734508
0.0720405 0.0706477 0.0692942 0.0679787 0.066701 0.0654407 0.0642472
0.063071 0.0619268 0.0608121 0.059728 0.0586727 0.0576438 0.0566415
0.0556659 0.0547149 0.053787 0.0528837 0.0520017 0.0511421 0.0503036
0.0494851 0.0486873 0.0479075 0.047142 0.0464039 0.0456786 0.0449706
0.0442781 0.0435927 0.0429414 0.0422946 0.0416627 0.0410455 0.0404405
0.03985 0.0392723 0.0387068 0.0381538 0.037613 0.037082 0.0365626
0.036055 0.0355575 0.0350702 0.0345629 0.0341253 0.033661 0.033218
0.0327784 0.0323467 0.0319237 0.0315085 0.0311039 0.0307002 0.0302901
0.0299295 0.029553 0.0291837 0.0288218 0.0284648 0.0281165 0.0277742
0.0274358 0.027106 0.0267829 0.0264645 0.0261469 0.0258443 0.0255423
0.0252456 0.024954 0.0246677 0.0243862 0.0241095 0.0238375 0.0235704
0.0233073 0.023034 0.0227917 0.0225446 0.0222988 0.0220567 0.0218189
0.0215849 0.0213534 0.0211278 0.0209037 0.0206842 0.0204698 0.0202515
0.0200478 0.0198414 0.0196384 0.0194387 0.019242 0.0190475 0.0188547
0.0186696 0.0184843 0.0183016 0.0181226 0.0179454 0.0177634 0.017599
0.0174301 0.0172627 0.0170908 0.0169362 0.0167763 0.0166111
