0. 0. 0. 0.0000917573 0.00084217 0.00329374 0.00987789
0.029141 0.0857124 0.217171 0.396535 0.557551 0.681986 0.773425
0.837928 0.887161 0.909057 0.932943 0.951481 0.954634 0.951863
0.945119 0.93473 0.921196 0.906157 0.890465 0.873712 0.855122
0.836729 0.817759 0.79923 0.780263 0.76175 0.743186 0.725083
0.70717 0.689717 0.672221 0.656628 0.640446 0.624672 0.609372
0.594463 0.579098 0.565898 0.552421 0.539251 0.526226 0.514016
0.501914 0.490169 0.478884 0.467962 0.457386 0.446904 0.437016
0.427354 0.417987 0.408802 0.400003 0.391402 0.383062 0.374954
0.366858 0.359568 0.351979 0.344916 0.338019 0.331237 0.324676
0.318306 0.312086 0.306011 0.300122 0.294361 0.288818 0.283359
0.277989 0.272904 0.26786 0.262948 0.258185 0.253488 0.248914
0.244382 0.240156 0.236635 0.232732 0.228979 0.225212 0.221415
0.217387 0.214093 0.210167 0.206752 0.203568 0.200349 0.197142
0.193761 0.191008 0.188093 0.185172 0.182193 0.179577 0.176711
0.174211 0.171635 0.169117 0.166605 0.164227 0.161887 0.159568
0.157285 0.155081 0.15286 0.150728 0.148617 0.146589 0.14456
0.142615 0.140682 0.138807 0.136967 0.135151 0.133352 0.131623
0.129901 0.128209 0.126564 0.124921 0.12335 0.121799 0.120272
0.118813 0.117346 0.115853 0.112159 0.113054 0.111722 0.110387
0.107695 0.107774 0.106502 0.105271 0.104012 0.102819 0.101677
0.100526 0.0993276 0.0982294 0.0971106 0.0960154 0.0949027 0.0938554
0.0928324 0.0917986 0.0907789 0.0897932 0.0888096 0.08786 0.0869064
0.0859694 0.0850625 0.0841455 0.0832624 0.0823275 0.081536 0.0806873
0.0798499 0.079041 0.0782028 0.0773983 0.0766205 0.075839 0.0750784
0.0742919 0.0735622 0.0728093 0.0721033 0.0713823 0.0706834
