0. 0.000216938 0.00274365 0.0152181 0.0945727 0.547024 0.897349
1.07625 1.16301 1.20027 1.20947 1.20114 1.18239 1.1571
1.12801 1.09631 1.06364 1.03064 0.997794 0.965473 0.933964
0.903233 0.873578 0.844961 0.817418 0.790944 0.765535 0.741155
0.717795 0.695392 0.673923 0.653381 0.633664 0.614814 0.596665
0.579312 0.562674 0.546121 0.531382 0.51666 0.502514 0.488989
0.475897 0.46338 0.451319 0.439663 0.42848 0.417711 0.407335
0.397332 0.387742 0.378386 0.369385 0.360749 0.352381 0.3443
0.336485 0.328949 0.32163 0.314566 0.30773 0.301111 0.294702
0.288493 0.282476 0.276652 0.27099 0.265507 0.260188 0.254903
0.250012 0.245148 0.240421 0.235851 0.231367 0.227028 0.22281
0.218706 0.214715 0.210834 0.207057 0.20338 0.1998 0.196312
0.192916 0.189604 0.186376 0.183228 0.180158 0.177183 0.174252
0.171531 0.168628 0.165918 0.163272 0.160689 0.158166 0.155703
0.153296 0.150942 0.148645 0.146399 0.144205 0.142056 0.139956
0.137903 0.135872 0.133923 0.132024 0.130138 0.128294 0.126477
0.124711 0.122989 0.121289 0.11963 0.118005 0.116412 0.114851
0.113322 0.111823 0.110398 0.108913 0.1075 0.106114 0.104745
0.103421 0.102062 0.100828 0.0995708 0.0983348 0.0971212 0.0959373
0.0947578 0.0936122 0.0924861 0.0913788 0.0902876 0.0892235 0.0881074
0.0871448 0.0861261 0.0851345 0.0841566 0.0831586 0.0822511 0.0813206
0.0804067 0.0795169 0.0786246 0.0777568 0.0768886 0.0760617 0.0752346
0.0744129 0.0736224 0.0728336 0.0720572 0.0712952 0.070546 0.069802
0.0690786 0.0683618 0.0676489 0.0669628 0.0662788 0.0656053 0.0649461
0.0642907 0.0636479 0.0630136 0.0601867 0.0617726 0.0611695 0.0605726
0.0599842 0.0594042 0.0588326 0.0582698 0.0577143 0.0571668
