0. 0.0173176 0.0904223 0.275694 0.560578 0.792948 0.945201
1.03427 1.08311 1.10482 1.10801 1.09961 1.08102 1.05803
1.03137 1.00252 0.972156 0.941771 0.91123 0.880915 0.850886
0.641542 0.794111 0.767597 0.740995 0.716274 0.691618 0.668464
0.646402 0.625097 0.604794 0.585414 0.566521 0.548639 0.531967
0.514982 0.499529 0.484269 0.470411 0.456047 0.442757 0.430023
0.417851 0.406003 0.394712 0.383924 0.373619 0.363538 0.354057
0.344696 0.335796 0.327226 0.319156 0.311022 0.303376 0.296058
0.28893 0.281847 0.275304 0.268951 0.262661 0.256616 0.250844
0.24525 0.239809 0.234524 0.229435 0.224505 0.219809 0.215175
0.210736 0.206329 0.202225 0.197994 0.194119 0.190183 0.186474
0.18299 0.179381 0.17621 0.17259 0.169391 0.166207 0.163085
0.160298 0.157397 0.154426 0.151671 0.149039 0.146385 0.143878
0.141395 0.138978 0.136661 0.134351 0.132121 0.129976 0.127816
0.125757 0.12369 0.121775 0.119854 0.117911 0.116004 0.114297
0.112535 0.110821 0.109181 0.107478 0.105888 0.104317 0.102777
0.101319 0.0998687 0.0984268 0.0969775 0.0955962 0.0942507 0.0929394
0.0916612 0.0904164 0.0891717 0.0879271 0.0867151 0.0855557 0.0844016
0.0833096 0.0822322 0.0811562 0.0800729 0.0790459 0.0780191 0.0770001
0.0760397 0.0750943 0.0741575 0.0732016 0.0723128 0.0714272 0.070538
0.0696937 0.0688484 0.0680086 0.0672288 0.0663927 0.0656399 0.0648828
0.064093 0.0633352 0.0626423 0.0619531 0.0612633 0.0605019 0.0598413
0.059198 0.0585178 0.0578589 0.0572201 0.0565842 0.0559537 0.0553635
0.0547908 0.0542097 0.0535915 0.0530673 0.0524759 0.0519926 0.0514542
0.0508462 0.0503191 0.0497916 0.0492977 0.0488128 0.0483196 0.0478488
0.0473444 0.04687 0.0463844 0.0460556 0.0456102 0.0451591
