          -12
3.70332 10           -11
2.48193 10           -10
4.15462 10           -8
5.19929 10           -6
1.51798 10 0.000016112 0.000107522
0.000762324 0.00708493 0.0443342 0.122955 0.199315 0.257562 0.299825
0.329015 0.351433 0.365882 0.374439 0.3808 0.383157 0.383304
0.381637 0.378384 0.374209 0.369197 0.363736 0.357494 0.351214
0.344537 0.337951 0.330989 0.323968 0.317226 0.310393 0.30366
0.296855 0.289597 0.283994 0.277709 0.271525 0.265435 0.259616
0.253848 0.24823 0.24272 0.237506 0.232299 0.227248 0.222307
0.217558 0.212932 0.208459 0.203797 0.199835 0.195677 0.191636
0.187502 0.183933 0.180216 0.176647 0.173136 0.169764 0.166471
0.163276 0.160089 0.157075 0.154095 0.151215 0.148409 0.145705
0.142832 0.140433 0.137924 0.135256 0.13308 0.130756 0.128461
0.126215 0.124029 0.12196 0.119874 0.11783 0.115913 0.113994
0.112089 0.110331 0.108563 0.106818 0.105134 0.103457 0.101836
0.100257 0.0987226 0.097203 0.0957292 0.0943177 0.0928904 0.0915351
0.0901725 0.088838 0.087544 0.0862889 0.0851778 0.0838746 0.0826639
0.0814908 0.0803523 0.0792388 0.0780152 0.0771046 0.0760551 0.0750256
0.0740357 0.0730195 0.0720894 0.0711356 0.0702055 0.0693213 0.0684205
0.0673167 0.0666724 0.0658259 0.0650158 0.064204 0.063406 0.0626157
0.0618623 0.0610939 0.0603699 0.0596406 0.0588853 0.0582263 0.0575523
0.0568612 0.0562258 0.0555517 0.0549123 0.0542778 0.0536667 0.052707
0.0524588 0.0518975 0.0513167 0.050728 0.0501604 0.0495982 0.049058
0.0486107 0.0480007 0.0474851 0.0469878 0.0464918 0.045964 0.0454981
0.0450175 0.0445616 0.0441222 0.0436576 0.0432174 0.0427885 0.0423501
0.0419211 0.0414978 0.0410967 0.040668 0.0402734 0.0398816 0.0394974
0.0391118 0.0387437 0.0383451 0.0379927 0.0376597 0.0372416 0.0369091
0.0365684 0.0362212 0.0358915 0.0355537 0.03523 0.0348899
