0. 0. 0.0000217705 0.000151305 0.000642114 0.00215932 0.00657526
0.0200054 0.0640794 0.156258 0.239043 0.296829 0.335661 0.361832
0.37879 0.389082 0.394476 0.396201 0.393586 0.392147 0.387592
0.381911 0.375406 0.368314 0.360806 0.353031 0.345098 0.337088
0.329072 0.321102 0.313221 0.305447 0.297816 0.290341 0.283035
0.275908 0.268964 0.262207 0.255639 0.249272 0.243066 0.237057
0.231231 0.225578 0.220104 0.214738 0.209663 0.204687 0.199859
0.195221 0.190656 0.186272 0.182038 0.177904 0.173921 0.170045
0.166296 0.162766 0.159174 0.155716 0.152443 0.149184 0.146089
0.14303 0.140091 0.137234 0.134445 0.131768 0.129152 0.126609
0.124138 0.121736 0.1194 0.11713 0.114918 0.112769 0.110686
0.108641 0.106659 0.10473 0.102841 0.101006 0.0992758 0.0974984
0.0958039 0.0941535 0.092544 0.0909579 0.0894431 0.0879257 0.0864924
0.0850748 0.0836855 0.0823192 0.0808963 0.0797125 0.0784507 0.0772177
0.076012 0.0747666 0.0736863 0.0725628 0.0714739 0.0703927 0.069337
0.0683031 0.0673442 0.0663202 0.0653568 0.0644181 0.0634921 0.0625891
0.0617044 0.0608423 0.0599915 0.0591609 0.0583473 0.0575502 0.0567691
0.0560037 0.0552519 0.0545177 0.0532613 0.0530904 0.0523967 0.051709
0.0510499 0.0503999 0.049755 0.0491262 0.0485061 0.0478995 0.0473056
0.0467112 0.0461453 0.0455827 0.0450295 0.0444852 0.0439527 0.043428
0.0429138 0.0424079 0.041911 0.0414226 0.0409475 0.0404709 0.0400072
0.0395537 0.0390982 0.0386626 0.0382294 0.0378037 0.0373842 0.0369721
0.0365667 0.0361679 0.035776 0.0353887 0.0350105 0.0346376 0.0342648
0.0339055 0.0335473 0.0331999 0.0328526 0.0325125 0.0321707 0.0318506
0.0315231 0.0312032 0.0308803 0.0305802 0.0302721 0.0299668 0.0296742
0.0293819 0.0290935 0.0288061 0.0285296 0.0282541 0.0279764
