0. 0. 0. 0. 0. 0. 0.0000268131
0.000113637 0.0004498 0.00186675 0.00820328 0.0277345 0.0567701 0.0831232
0.103642 0.11986 0.131606 0.138712 0.146213 0.150288 0.153024
0.154541 0.155072 0.154909 0.154091 0.152833 0.151181 0.14931
0.147222 0.144962 0.142519 0.140007 0.137467 0.134827 0.132178
0.129476 0.126931 0.124307 0.121734 0.119171 0.116658 0.114167
0.11174 0.109354 0.107044 0.104775 0.10254 0.100342 0.0982289
0.0961729 0.0941336 0.0921296 0.0901058 0.0883816 0.0865522 0.0847805
0.0830467 0.0813007 0.0797192 0.078125 0.0765724 0.0749922 0.0735888
0.0721663 0.0707679 0.0693961 0.0680844 0.0667803 0.0655375 0.064312
0.0631184 0.0619626 0.0608279 0.0597295 0.0586486 0.0576003 0.0565705
0.055582 0.054594 0.0536169 0.0527345 0.0518287 0.0509503 0.0500891
0.0492486 0.0484502 0.0476418 0.0468649 0.0460962 0.0453558 0.0446327
0.043926 0.0432232 0.042594 0.0418829 0.0413275 0.0406212 0.0399842
0.0393884 0.0387982 0.0382009 0.0376467 0.0370914 0.0365495 0.0360219
0.035503 0.0349952 0.03449 0.034005 0.0335265 0.0329909 0.0325783
0.0321286 0.031718 0.031284 0.0308613 0.0304443 0.0300454 0.0296475
0.0292475 0.0288627 0.028497 0.0281262 0.0277626 0.0274062 0.0270515
0.0267427 0.0263833 0.0260576 0.0257318 0.0254184 0.025095 0.0247939
0.0244921 0.0241973 0.0239085 0.0236193 0.0233415 0.0230586 0.0227845
0.02252 0.0222725 0.0220188 0.0217637 0.0215185 0.0212727 0.0210341
0.0207943 0.0205664 0.0203391 0.0201135 0.0198944 0.0196779 0.0194648
0.0192522 0.0190484 0.0188453 0.0186417 0.0184442 0.0182513 0.0180596
0.0178705 0.0176811 0.0175005 0.0173164 0.0168282 0.0169671 0.0168014
0.0166322 0.0164686 0.0163016 0.0161399 0.0159829 0.0158266 0.0156714
0.0155196 0.0153691 0.0152186 0.0150747 0.0149313 0.014791
