0.          -10
6.4546 10           -8
8.21685 10 0.000010865 0.000185384 0.00124065 0.00553292
0.0223858 0.0996505 0.366184 0.775271 1.1229 1.40871 1.54512
1.65342 1.72371 1.77498 1.79696 1.80355 1.79653 1.77958
1.75618 1.72692 1.69479 1.66235 1.6244 1.58696 1.54913
1.51115 1.47213 1.43571 1.39883 1.36229 1.32684 1.29209
1.25797 1.22507 1.19307 1.16219 1.13216 1.10302 1.07446
1.04724 1.02052 0.995026 0.970115 0.946258 0.92282 0.900322
0.878572 0.857283 0.836981 0.817348 0.79831 0.77992 0.761807
0.744476 0.727823 0.711691 0.69589 0.680645 0.66585 0.651431
0.637685 0.624264 0.611216 0.598445 0.586146 0.574263 0.562528
0.551384 0.540428 0.529914 0.519641 0.509529 0.499743 0.490247
0.480983 0.472028 0.463235 0.454701 0.446425 0.43828 0.430377
0.422663 0.415549 0.408388 0.40114 0.39427 0.387586 0.381042
0.374663 0.368463 0.361403 0.355215 0.350412 0.34497 0.339362
0.33406 0.328831 0.323639 0.31831 0.313403 0.308932 0.304217
0.299615 0.29517 0.290784 0.286459 0.28233 0.278057 0.27429
0.270362 0.266483 0.262764 0.258805 0.25432 0.251808 0.248341
0.244925 0.241603 0.238323 0.23517 0.232066 0.228944 0.225916
0.222943 0.220059 0.217205 0.214428 0.211632 0.209058 0.206413
0.203819 0.201269 0.198809 0.196337 0.193957 0.191596 0.188645
0.186876 0.184691 0.182413 0.180413 0.178273 0.176236 0.174211
0.17221 0.170184 0.172904 0.166471 0.164543 0.162681 0.160875
0.159103 0.157256 0.155609 0.153897 0.152222 0.150574 0.148984
0.1473 0.145778 0.144233 0.142694 0.141221 0.139753 0.138358
0.136888 0.135477 0.134085 0.13273 0.131368 0.130021 0.128676
0.125167 0.126189 0.124903 0.123673 0.122467 0.121277
