          -10
1.11191 10           -7
1.87366 10           -6
4.94724 10 0.0000347571 0.00015171 0.000572341 0.00219815
0.00930407 0.0413287 0.0948795 0.134948 0.161969 0.180083 0.192059
0.199687 0.204156 0.206282 0.206754 0.205897 0.204108 0.201609
0.198583 0.195183 0.191488 0.187615 0.183618 0.179546 0.175447
0.171345 0.16727 0.163248 0.159286 0.155366 0.151543 0.0834397
0.144159 0.140598 0.13713 0.133769 0.130537 0.127317 0.124227
0.121225 0.118365 0.115509 0.112774 0.110122 0.107565 0.105064
0.102689 0.10031 0.098048 0.0958757 0.0937091 0.0916661 0.0896357
0.0876908 0.0858019 0.0839693 0.0821971 0.0804479 0.078805 0.0771751
0.0755976 0.0740656 0.0725774 0.0711312 0.0697265 0.0683731 0.0670317
0.0657425 0.0644881 0.0632677 0.0620782 0.0609218 0.0597972 0.0587219
0.0576361 0.0565968 0.0556009 0.0546005 0.0536484 0.0527174 0.0517901
0.050903 0.0500359 0.049191 0.048365 0.0475604 0.0467743 0.0460086
0.0452599 0.0445284 0.0437726 0.0431288 0.0424392 0.0417745 0.0411246
0.0404938 0.0398615 0.0392616 0.0386697 0.0381168 0.0375258 0.0369684
0.0364252 0.035894 0.0353736 0.0348653 0.0343794 0.0338797 0.0331896
0.0329324 0.0324759 0.0320288 0.0315901 0.0311583 0.0307364 0.0303228
0.0299145 0.0295116 0.0291348 0.0287475 0.0283741 0.0280064 0.0276462
0.0272927 0.0269457 0.0266053 0.026271 0.0259426 0.0256214 0.0253098
0.0249925 0.024689 0.0243917 0.0240976 0.0238068 0.0235256 0.0232476
0.022974 0.0227051 0.0224411 0.0221816 0.0219359 0.0216774 0.0214295
0.0211866 0.0209513 0.0207138 0.0204841 0.0202372 0.0200336 0.0198144
0.0195979 0.0193907 0.0191775 0.01897 0.0187547 0.0185704 0.018366
0.0181815 0.0179916 0.0178044 0.0176208 0.0174354 0.0172599 0.017085
0.0169158 0.0167415 0.016572 0.0164152 0.0162448 0.0160843 0.015927
0.0157701 0.0156162 0.0154648 0.0153163 0.0151686 0.0150235
