0.          -7
7.2763 10 0.00010226 0.00706687 0.0704846 0.298588 0.832885
1.61407 2.36998 2.96976 3.40823 3.71316 3.91391 4.01594
4.02854 4.11996 4.11273 4.07591 4.02075 3.94823 3.87739
3.79199 3.70376 3.61179 3.5205 3.42812 3.33572 3.24475
3.15569 3.06781 2.98243 2.89846 2.81775 2.73923 2.64193
2.55454 2.51771 2.44869 2.38245 2.31762 2.25517 2.19546
2.13733 2.08139 2.02693 1.97528 1.92462 1.87623 1.82937
1.78405 1.74005 1.69772 1.65693 1.61723 1.57933 1.54226
1.50675 1.47211 1.43893 1.40672 1.37513 1.34473 1.31532
1.28692 1.25955 1.2331 1.20703 1.18189 1.15706 1.1334
1.10983 1.08668 1.06375 1.04094 1.01788 0.996473 0.974535
0.952931 0.93125 0.909592 0.887351 0.866678 0.879739 0.864315
0.849541 0.834639 0.820005 0.80567 0.791856 0.778114 0.764643
0.752133 0.739374 0.727169 0.714998 0.703174 0.69226 0.679755
0.669911 0.659251 0.649024 0.638798 0.628972 0.619296 0.609779
0.600119 0.549825 0.582415 0.574027 0.565571 0.557283 0.549273
0.541341 0.533567 0.525856 0.518529 0.511249 0.50413 0.497169
0.490286 0.48354 0.47708 0.470634 0.464393 0.458184 0.452121
0.446162 0.44027 0.434604 0.429028 0.423509 0.418162 0.41284
0.40761 0.402551 0.397587 0.392679 0.387879 0.383107 0.377523
0.37068 0.369507 0.365069 0.3608 0.356464 0.352158 0.348016
0.343887 0.339727 0.335708 0.331665 0.327677 0.323615 0.319689
0.315832 0.311948 0.308231 0.304453 0.300698 0.296913 0.293355
0.28957 0.285895 0.282235 0.278621 0.275008 0.271429 0.267697
0.26466 0.260474 0.256971 0.253321 0.249659 0.246025 0.242336
0.238577 0.234876 0.231045 0.227296 0.223436 0.219523
