0.           -11
1.96206 10           -9
3.52919 10           -7
6.63267 10 0.0000198592 0.000213459 0.00136464
0.0074203 0.0480391 0.257173 0.649997 0.993408 1.24174 1.41642
1.52872 1.61269 1.66304 1.6881 1.69961 1.69733 1.68492
1.66578 1.64123 1.61277 1.58162 1.54839 1.51477 1.47965
1.44439 1.409 1.37374 1.33901 1.30467 1.27093 1.23777
1.20573 1.17373 1.1431 1.1142 1.08581 1.05774 1.03063
1.00383 0.978543 0.954538 0.930824 0.906242 0.885415 0.819636
0.841674 0.82306 0.802282 0.784201 0.765656 0.746553 0.730851
0.714243 0.698045 0.68261 0.666964 0.65281 0.638435 0.624858
0.611595 0.598708 0.586105 0.573974 0.562097 0.551126 0.539073
0.527922 0.518126 0.507886 0.498211 0.488479 0.479066 0.469895
0.460804 0.452329 0.443905 0.435497 0.42773 0.420011 0.412489
0.404938 0.398111 0.390978 0.384219 0.377652 0.370715 0.364852
0.35879 0.352613 0.346772 0.341017 0.335411 0.329894 0.325038
0.319806 0.31449 0.309588 0.305026 0.300301 0.295702 0.291167
0.286757 0.282422 0.278263 0.274162 0.270122 0.266221 0.262349
0.258384 0.254879 0.251307 0.247723 0.243144 0.240928 0.237471
0.234205 0.231083 0.227928 0.224902 0.221874 0.218904 0.216177
0.213221 0.210398 0.207683 0.205013 0.20237 0.199502 0.197031
0.194849 0.192427 0.190068 0.187668 0.184769 0.183135 0.180913
0.177354 0.176621 0.174502 0.172449 0.170277 0.168339 0.16629
0.164394 0.162539 0.16078 0.158972 0.157184 0.15539 0.153706
0.151958 0.150293 0.148672 0.147031 0.145428 0.143877 0.142335
0.140758 0.139239 0.137712 0.13632 0.134894 0.133546 0.132074
0.13073 0.129406 0.128076 0.126644 0.125482 0.124215 0.122974
0.121688 0.120474 0.119347 0.118156 0.117001 0.115862
