          -8
1.02847 10          -6
3.3818 10 0.000285176 0.0196513 0.245538 0.954161 1.71266
2.21356 2.50992 2.67242 2.74761 2.76677 2.74809 2.7033
2.63883 2.56343 2.4834 2.40392 2.35015 2.27178 2.19535
2.11934 2.04567 1.974 1.90597 1.83722 1.77083 1.70681
1.64482 1.59905 1.54501 1.49305 1.44395 1.3983 1.35321
1.31041 1.26904 1.22971 1.19219 1.15623 1.12167 1.08829
1.05702 1.0265 0.990961 0.968742 0.942114 0.916426 0.891664
0.867891 0.844862 0.822782 0.801465 0.780993 0.761512 0.742458
0.724161 0.706513 0.689531 0.673006 0.65719 0.64193 0.627088
0.612098 0.598969 0.585594 0.572715 0.560131 0.548115 0.536248
0.52501 0.514009 0.503309 0.492949 0.48291 0.473238 0.463448
0.440918 0.445645 0.437059 0.428627 0.420281 0.412401 0.404802
0.397336 0.390066 0.382977 0.376058 0.369341 0.362788 0.356349
0.349999 0.344092 0.33778 0.332053 0.326867 0.320944 0.316005
0.310858 0.305804 0.300912 0.296024 0.29131 0.28671 0.281622
0.277241 0.272906 0.268709 0.265201 0.261206 0.257281 0.253463
0.249707 0.246024 0.242468 0.239337 0.235535 0.23217 0.228881
0.225672 0.222499 0.219142 0.216108 0.213181 0.210278 0.207265
0.204647 0.202232 0.199538 0.1969 0.19435 0.191844 0.189366
0.18717 0.18454 0.182197 0.179903 0.177641 0.174152 0.172728
0.170845 0.168794 0.166997 0.164571 0.163031 0.161031 0.159113
0.157213 0.155346 0.153502 0.151702 0.149949 0.148386 0.146745
0.145091 0.143439 0.14186 0.140242 0.138673 0.137187 0.135684
0.134214 0.132765 0.130743 0.129355 0.127968 0.127177 0.125815
0.124485 0.123222 0.121941 0.120689 0.119478 0.118228 0.116995
0.115786 0.114595 0.1135 0.112361 0.111263 0.110185
