0. 0. 0. 0.0000624065 0.00114118 0.00861208 0.0544306
0.34246 1.09543 1.82883 2.33319 2.65494 2.85248 2.96485
3.02599 3.04946 3.04755 2.98101 2.98252 2.93337 2.87709
2.81648 2.7522 2.68853 2.6226 2.55697 2.49115 2.42731
2.38182 2.30263 2.24165 2.18263 2.12521 2.06927 2.01577
1.9595 1.91255 1.86225 1.81651 1.77049 1.72614 1.68325
1.64178 1.60175 1.56274 1.52557 1.48937 1.45032 1.42014
1.38716 1.35547 1.32445 1.29474 1.26646 1.23866 1.21143
1.18532 1.15979 1.13527 1.11137 1.08656 1.06579 1.04391
1.02308 1.00231 0.982392 0.963178 0.944221 0.925822 0.908232
0.890926 0.874032 0.857833 0.248454 0.826331 0.811297 0.796701
0.782581 0.767888 0.75511 0.741715 0.728932 0.716458 0.704586
0.691885 0.680684 0.669339 0.658126 0.647539 0.63698 0.626777
0.616671 0.607016 0.59736 0.588035 0.579026 0.570077 0.561284
0.55293 0.544641 0.536411 0.525835 0.520835 0.51326 0.505589
0.498285 0.491079 0.482277 0.47724 0.470605 0.464046 0.457727
0.450918 0.445232 0.44007 0.433144 0.427421 0.421704 0.416151
0.410689 0.40529 0.400077 0.394901 0.389851 0.384958 0.380023
0.374947 0.369986 0.365801 0.361108 0.356913 0.352677 0.348563
0.344254 0.340078 0.336039 0.332062 0.328152 0.324344 0.320589
0.316765 0.313014 0.309048 0.306057 0.302565 0.298674 0.295816
0.292554 0.289223 0.286147 0.282988 0.279876 0.276857 0.27389
0.270889 0.267954 0.265181 0.262362 0.259635 0.256963 0.254248
0.251586 0.248878 0.246321 0.243795 0.24129 0.238999 0.236665
0.234224 0.231854 0.229496 0.227236 0.224972 0.222755 0.220546
0.216811 0.216166 0.214064 0.211952 0.209908 0.207822
