0.           -6
2.81036 10 0.000081296 0.000646448 0.00338307 0.0172398 0.131851
0.468399 0.689324 0.81818 0.8947 0.937937 0.95922 0.965599
0.961719 0.950734 0.934842 0.915609 0.894161 0.871252 0.847675
0.823546 0.79962 0.775806 0.752341 0.729366 0.706972 0.685207
0.664113 0.643708 0.623998 0.604992 0.586673 0.56903 0.552048
0.535708 0.519991 0.504873 0.490436 0.476353 0.462901 0.449975
0.437532 0.425431 0.414024 0.402952 0.392275 0.381991 0.372087
0.362537 0.353343 0.344473 0.335904 0.327663 0.319698 0.312009
0.304584 0.297412 0.290478 0.283783 0.277307 0.271042 0.264981
0.259119 0.253442 0.247945 0.24262 0.237448 0.232462 0.227582
0.222916 0.218357 0.213934 0.209641 0.205475 0.201428 0.197498
0.19368 0.18997 0.186363 0.182857 0.179448 0.176131 0.172904
0.169765 0.166707 0.163732 0.160835 0.158012 0.155261 0.152583
0.149971 0.147425 0.144942 0.142516 0.140161 0.137857 0.13561
0.133416 0.131257 0.129183 0.127141 0.125141 0.123198 0.121295
0.119434 0.117618 0.115841 0.114103 0.112403 0.110774 0.109117
0.107527 0.105972 0.104435 0.102959 0.101498 0.100072 0.0986737
0.0972925 0.0959628 0.0946486 0.0933875 0.092095 0.0908492 0.0896292
0.0884633 0.0873001 0.0861584 0.0850388 0.08394 0.0828637 0.0818069
0.0807687 0.0797524 0.0787555 0.0777759 0.0768038 0.0758707 0.074944
0.0740341 0.0731401 0.0722632 0.0714013 0.0705548 0.0697231 0.0689059
0.068103 0.067314 0.0665385 0.0657758 0.0650271 0.0642904 0.0635664
0.0628543 0.0621522 0.0614657 0.0607873 0.0601188 0.0594669 0.0588169
0.0581881 0.0575638 0.0569496 0.056345 0.0557503 0.0551636 0.0545774
0.0540208 0.0534622 0.0529081 0.0523704 0.0518369 0.0513018 0.0507941
0.0502839 0.0497822 0.0492811 0.0488005 0.0483203 0.0478465
