          -14
4.37078 10           -13
8.38584 10           -10
1.04687 10           -8
1.93721 10           -7
5.48609 10          -6
5.4151 10 0.0000311213
0.000155782 0.000847842 0.00478275 0.0234685 0.0725026 0.13438 0.186258
0.226956 0.256824 0.279515 0.292411 0.307022 0.314502 0.319268
0.321643 0.322224 0.321509 0.319531 0.316698 0.313203 0.309158
0.304693 0.299939 0.294941 0.289411 0.284969 0.27909 0.273524
0.268305 0.262889 0.257529 0.252274 0.24696 0.241854 0.236899
0.231902 0.227068 0.222188 0.21766 0.213084 0.208593 0.204284
0.200079 0.195889 0.191598 0.187969 0.183949 0.180378 0.176661
0.173152 0.169671 0.166396 0.163075 0.159896 0.156799 0.153759
0.150797 0.147869 0.145137 0.142413 0.139759 0.137148 0.134664
0.13218 0.12998 0.127487 0.125184 0.122968 0.120758 0.118632
0.116626 0.114599 0.112504 0.110726 0.108863 0.107012 0.105193
0.103412 0.101845 0.100088 0.0985421 0.0969122 0.0954134 0.0939037
0.0925369 0.0909919 0.0895909 0.088207 0.0868743 0.0855366 0.0842462
0.0829335 0.0817581 0.0805608 0.0793233 0.0782173 0.0770385 0.0759834
0.0748885 0.0738082 0.0727823 0.0717693 0.0707498 0.069735 0.0687793
0.0678958 0.0669742 0.066072 0.0651783 0.0643267 0.0634764 0.0626305
0.0618323 0.061034 0.0602326 0.0594655 0.0587004 0.0580017 0.0572452
0.0565049 0.0558162 0.0551276 0.0544454 0.0537794 0.0531205 0.0524823
0.0518534 0.051227 0.0506239 0.0500167 0.049424 0.0487746 0.0482744
0.047729 0.0471689 0.046657 0.0461221 0.0456123 0.045098 0.044511
0.044199 0.043634 0.0431688 0.0427046 0.0421898 0.0417642 0.0412878
0.0408393 0.040406 0.039975 0.0395508 0.0391325 0.0387188 0.0383212
0.0379292 0.0375297 0.0371388 0.0367594 0.0363828 0.0360346 0.0356779
0.0353261 0.0349789 0.0346287 0.0342882 0.0339565 0.0336226 0.0332888
0.0329711 0.0326573 0.032342 0.0320321 0.0317257 0.0314311
