0. 0.00357989 0.0178988 0.0564013 0.186191 0.520642 0.976907
1.34829 1.59466 1.74487 1.82919 1.86864 1.87663 1.86502
1.83805 1.80165 1.75928 1.71291 1.66369 1.61427 1.5645
1.51485 1.46586 1.4183 1.37165 1.32678 1.28302 1.24119
1.20069 1.16191 1.12429 1.08875 1.05421 1.02091 0.989538
0.959313 0.930138 0.902034 0.875296 0.849491 0.823133 0.801004
0.778408 0.75682 0.735401 0.715519 0.695899 0.677166 0.65928
0.642016 0.625328 0.609074 0.593949 0.579046 0.564637 0.550901
0.537567 0.524652 0.512136 0.500255 0.488646 0.477392 0.466601
0.456122 0.445947 0.43616 0.426663 0.417491 0.408562 0.400186
0.391585 0.383498 0.375637 0.367986 0.360541 0.353325 0.346298
0.339648 0.333117 0.326732 0.320535 0.314489 0.308602 0.302869
0.297285 0.291925 0.286658 0.281524 0.276517 0.271634 0.266872
0.262278 0.257845 0.253481 0.249276 0.245129 0.240986 0.237015
0.233132 0.22925 0.225618 0.221987 0.218556 0.215139 0.211773
0.208527 0.205339 0.202215 0.199153 0.196158 0.193225 0.190417
0.187602 0.184874 0.182197 0.179576 0.177006 0.174488 0.172033
0.169653 0.167303 0.164998 0.162737 0.160518 0.158343 0.156208
0.154146 0.152112 0.150112 0.148148 0.146218 0.144325 0.142467
0.14066 0.138886 0.137143 0.135424 0.133713 0.132089 0.130467
0.128873 0.12731 0.125775 0.124275 0.122794 0.121333 0.119901
0.118489 0.117102 0.115767 0.114442 0.113225 0.111848 0.110582
0.102885 0.108108 0.106902 0.105705 0.10454 0.103393 0.102235
0.101145 0.100062 0.0990115 0.0979652 0.0969326 0.09591 0.094852
0.0939203 0.0929454 0.0919695 0.0910382 0.0901056 0.0891865 0.0882808
0.0873875 0.0865081 0.085638 0.0847872 0.083985 0.0831223
