0. 0. 0. 0. 0.0000157677 0.0000990277 0.000449401
0.00219419 0.0121055 0.0548682 0.142843 0.233455 0.304369 0.35645
0.392426 0.420078 0.437596 0.447869 0.454918 0.457373 0.456864
0.454201 0.449678 0.44394 0.437334 0.429941 0.422091 0.414198
0.405408 0.3975 0.388144 0.379356 0.370826 0.362363 0.353961
0.345725 0.337472 0.329652 0.321929 0.314401 0.30705 0.299822
0.292832 0.286024 0.279452 0.273058 0.266387 0.260738 0.254848
0.249187 0.243578 0.238243 0.233018 0.227928 0.223366 0.218278
0.213623 0.209137 0.204731 0.200549 0.196411 0.19249 0.188544
0.184792 0.181156 0.177635 0.174135 0.170745 0.167476 0.164284
0.161122 0.158009 0.151007 0.152381 0.149594 0.146974 0.144212
0.141627 0.13926 0.136662 0.134307 0.132034 0.129775 0.127559
0.125384 0.123344 0.121294 0.119322 0.117405 0.115628 0.113634
0.111831 0.110064 0.108271 0.106553 0.10483 0.103266 0.101831
0.100352 0.0987715 0.0971869 0.0958631 0.0944528 0.0930859 0.0917455
0.0904111 0.0890532 0.0878328 0.0865449 0.0854247 0.0842387 0.0830746
0.0819607 0.0808106 0.0797666 0.0786958 0.0776477 0.0766151 0.0755867
0.0746044 0.0736349 0.0726801 0.0717483 0.0708609 0.0699692 0.0690464
0.0681818 0.0673542 0.0665131 0.0656995 0.0648985 0.0641158 0.0633377
0.0625854 0.0618464 0.061113 0.0603922 0.0596832 0.0589526 0.0583013
0.057637 0.0569771 0.0563356 0.0556964 0.0550732 0.0544744 0.053655
0.0532638 0.0526406 0.0520382 0.0514796 0.0509574 0.0504209 0.0498818
0.0493718 0.048835 0.048326 0.0478134 0.0473144 0.0468352 0.0463453
0.0458698 0.0453925 0.0449362 0.0444791 0.0440391 0.0435834 0.0431636
0.0427281 0.0423161 0.0419033 0.0414946 0.0410588 0.0406946 0.0403278
0.0399106 0.0395257 0.0391499 0.0387859 0.0384208 0.0380671
