0.00006785 0.00009288 0.00013608 0.00027735 0.00102917 0.003393 0.0101666
0.0336715 0.120443 0.323114 0.543021 0.70307 0.808448 0.873468
0.911421 0.930058 0.943159 0.942274 0.933125 0.919034 0.902891
0.883794 0.863106 0.841672 0.818149 0.796568 0.774981 0.753258
0.730937 0.710217 0.689433 0.669417 0.649872 0.631137 0.612604
0.594548 0.577822 0.561696 0.545401 0.530027 0.514169 0.501006
0.487467 0.473919 0.461374 0.439803 0.437118 0.425665 0.414625
0.403978 0.393843 0.383931 0.374439 0.365153 0.356271 0.347717
0.339457 0.331424 0.323731 0.316231 0.308878 0.300621 0.295187
0.28867 0.282288 0.276022 0.270222 0.264468 0.258775 0.253417
0.248205 0.24307 0.238071 0.233254 0.22862 0.224001 0.219605
0.215293 0.211106 0.207026 0.203051 0.199092 0.195808 0.192163
0.188615 0.185279 0.181965 0.178748 0.175368 0.172292 0.169518
0.166572 0.163753 0.160847 0.158274 0.155339 0.153081 0.150585
0.1481 0.145741 0.143432 0.141096 0.138908 0.136698 0.134596
0.132529 0.13002 0.128483 0.126578 0.124043 0.122825 0.121026
0.119246 0.117499 0.115819 0.114157 0.111977 0.110942 0.109384
0.107863 0.106379 0.104962 0.103535 0.102065 0.10069 0.0993288
0.0980051 0.0966953 0.0954016 0.0941875 0.0929014 0.0917037 0.0905873
0.0894565 0.088306 0.0872036 0.086055 0.0839058 0.0839698 0.0827595
0.0808907 0.0809603 0.0799794 0.0790235 0.0780841 0.0771559 0.076257
0.0753866 0.0704811 0.0736242 0.0727596 0.0719238 0.071106 0.0702913
0.0695072 0.0686334 0.0679458 0.0672008 0.0664474 0.0657148 0.0649922
0.0642744 0.0636082 0.0628847 0.0622003 0.0615357 0.0608871 0.0602346
0.0595978 0.0589708 0.0588345 0.0576952 0.057143 0.0565458 0.0559628
0.0553883 0.0548121 0.0542437 0.0537056 0.0531623 0.0526254
