          -8
3.78515 10           -7
1.13612 10           -7
3.81735 10           -6
5.98718 10 0.0000864808 0.000549271 0.00231142
0.00921318 0.0457432 0.17028 0.332258 0.458999 0.547987 0.608012
0.646798 0.675122 0.68883 0.694102 0.703589 0.693141 0.688513
0.676208 0.664514 0.651628 0.638371 0.623924 0.609379 0.594597
0.579846 0.564606 0.550767 0.536209 0.52222 0.50849 0.494986
0.482022 0.469269 0.456913 0.445083 0.433456 0.422413 0.411238
0.400774 0.390605 0.38077 0.371277 0.361948 0.352996 0.344383
0.335956 0.32789 0.320421 0.313295 0.305444 0.298099 0.29129
0.28454 0.278232 0.271928 0.265995 0.260144 0.254474 0.248996
0.243691 0.238518 0.233526 0.228408 0.223846 0.219347 0.214925
0.210617 0.206528 0.202462 0.198493 0.19465 0.190855 0.187218
0.183647 0.180254 0.176884 0.173635 0.170536 0.167394 0.164363
0.161436 0.158656 0.155893 0.153235 0.150554 0.14797 0.145495
0.142748 0.14031 0.137747 0.136016 0.133672 0.131626 0.12959
0.127372 0.125521 0.123554 0.121622 0.119615 0.117893 0.11613
0.114381 0.112626 0.110981 0.109355 0.107737 0.10621 0.10465
0.103191 0.10173 0.0998073 0.0984039 0.0973962 0.0960867 0.0947462
0.0934543 0.0921801 0.090952 0.0897319 0.0882726 0.0873461 0.0861951
0.0850639 0.0839353 0.082814 0.0818209 0.0371194 0.0797657 0.0787572
0.0777598 0.076795 0.0758477 0.0749061 0.0739967 0.0730808 0.0719682
0.0712938 0.0704499 0.0696409 0.0688317 0.0680168 0.0672261 0.0664502
0.0657312 0.064974 0.0642132 0.0634806 0.0627676 0.0620716 0.0613633
0.0606876 0.0599599 0.0593341 0.0586946 0.058025 0.0574182 0.056811
0.056196 0.0555923 0.0549916 0.0544326 0.0538069 0.0532972 0.0527521
0.0522064 0.0516693 0.0511377 0.0505912 0.0500758 0.0495926 0.0490919
0.0486062 0.0481083 0.0476307 0.0471623 0.0467001 0.0462392
