         -10
5.7844 10           -7
2.32826 10           -6
6.54703 10 0.0000511328 0.000285862 0.00213544 0.02247
0.0921788 0.146233 0.179999 0.201066 0.213978 0.221463 0.225213
0.226344 0.225615 0.223555 0.220546 0.216859 0.212645 0.208217
0.20353 0.198729 0.193868 0.189003 0.18417 0.179401 0.174703
0.170106 0.165614 0.16124 0.156978 0.152841 0.148827 0.144936
0.141167 0.137518 0.133988 0.130572 0.127275 0.124077 0.120987
0.118003 0.11516 0.112329 0.109627 0.10702 0.104495 0.102055
0.0997 0.0974112 0.0952009 0.0930719 0.0909887 0.0889829 0.0870403
0.0851583 0.0833341 0.0815655 0.0798531 0.0781912 0.0765801 0.0750159
0.0734984 0.0720255 0.0705957 0.0694945 0.0678475 0.0665514 0.0652479
0.0640369 0.0628338 0.0616618 0.0605253 0.0594189 0.0583403 0.0572915
0.0562709 0.0552768 0.054308 0.0533649 0.0524465 0.0515504 0.0506768
0.0498259 0.0489956 0.0481861 0.0473959 0.0466256 0.0458737 0.0451396
0.044423 0.0437227 0.0430404 0.0423674 0.041721 0.0410837 0.0404615
0.0398524 0.0392572 0.0386763 0.0381068 0.0375577 0.0370074 0.036474
0.0359527 0.0354327 0.0349434 0.0344549 0.033978 0.0335077 0.0330487
0.0325984 0.0180649 0.0317158 0.0313046 0.0308902 0.0304839 0.0300856
0.0297028 0.0293127 0.028937 0.0285685 0.0282115 0.0278621 0.0274877
0.0266471 0.0268294 0.0265008 0.0261784 0.0258627 0.0255501 0.0252454
0.0249436 0.0246491 0.0243609 0.0240768 0.0237935 0.0235231 0.0232533
0.0229882 0.0227276 0.0224716 0.0222199 0.0219723 0.021729 0.02149
0.0212544 0.0210305 0.0207952 0.0205711 0.0203511 0.0201339 0.0199196
0.0197107 0.0195059 0.0193007 0.0190995 0.0189028 0.0187098 0.0185144
0.0183307 0.0181452 0.0179629 0.0177832 0.0176063 0.0174313 0.0172672
0.0170913 0.0169248 0.0167644 0.0165988 0.0164392 0.0162787 0.0161272
0.0159754 0.0158239 0.0156688 0.0155295 0.0153852 0.0152373
