0.0000265211 0.0000356954 0.0000509006 0.0000836037 0.00019883 0.000494786\
 
  0.00110167
0.00258262 0.00954204 0.0480181 0.144228 0.237051 0.300656 0.342209
0.367308 0.384058 0.392191 0.395068 0.394268 0.390828 0.385277
0.378595 0.370878 0.362505 0.353715 0.344736 0.335681 0.326592
0.317621 0.308769 0.300061 0.291668 0.283218 0.275202 0.267398
0.259804 0.252355 0.245275 0.23858 0.231891 0.225501 0.21941
0.21345 0.207694 0.2022 0.196437 0.191522 0.18674 0.181961
0.177326 0.172636 0.168562 0.164427 0.160371 0.156507 0.152774
0.149129 0.145598 0.142253 0.13897 0.13583 0.132556 0.129738
0.126935 0.124166 0.12145 0.118898 0.116049 0.113673 0.111502
0.109196 0.10695 0.104745 0.102695 0.100644 0.0986638 0.0967363
0.0948619 0.0930123 0.0912415 0.0895448 0.0878743 0.0862346 0.0846387
0.0830814 0.0816148 0.0801667 0.0787265 0.0773381 0.075986 0.0746809
0.0733916 0.0721492 0.0709409 0.0697501 0.0685851 0.0674543 0.0652573
0.0652467 0.0641841 0.0631803 0.0621695 0.061202 0.0602483 0.0592977
0.0583962 0.0572958 0.056626 0.0557833 0.0549554 0.0541435 0.053355
0.0525728 0.0518168 0.0510744 0.0503474 0.0496138 0.0489415 0.0482463
0.0475531 0.0468935 0.0462548 0.0456252 0.0450028 0.0443965 0.0438045
0.0432424 0.0426609 0.0421099 0.0415433 0.0410036 0.0404721 0.039938
0.0394544 0.0389468 0.0382992 0.0379839 0.0370573 0.0370516 0.0364939
0.0361459 0.0356781 0.0352441 0.0348275 0.0344116 0.0340391 0.0336227
0.0332416 0.0328554 0.0324774 0.0320993 0.0317285 0.0313403 0.0310228
0.0306608 0.0303263 0.0299804 0.0296525 0.029326 0.0290069 0.0286958
0.0283799 0.0280747 0.0277707 0.0274733 0.027181 0.0268945 0.0265986
0.0263346 0.0260798 0.0257862 0.0255166 0.0252595 0.0249991 0.0247454
0.0244972 0.0242448 0.024003 0.0237658 0.0235265 0.0232957
