0.000338526 0.000472397 0.000710296 0.00150399 0.00570826 0.0190168 0.0585406
0.2126 0.605047 1.03526 1.35554 1.57101 1.70946 1.78956
1.83951 1.85711 1.83915 1.81569 1.81547 1.78271 1.74452
1.70437 1.6608 1.61648 1.5732 1.52849 1.48453 1.44156
1.39931 1.35801 1.31791 1.27881 1.24112 1.20415 1.16929
1.13531 1.10252 1.07261 1.04038 0.99997 0.982714 0.955209
0.928961 0.90386 0.878941 0.856033 0.833502 0.811165 0.790039
0.770176 0.751009 0.731735 0.713731 0.696319 0.679113 0.662788
0.649056 0.631139 0.617027 0.6028 0.588962 0.575301 0.562632
0.550336 0.538174 0.526513 0.515665 0.504292 0.493532 0.483037
0.473181 0.46349 0.45403 0.444856 0.435997 0.427386 0.419019
0.410921 0.402099 0.394188 0.386655 0.380524 0.373479 0.366517
0.359871 0.353428 0.347089 0.340744 0.33485 0.329021 0.323394
0.31779 0.312356 0.307107 0.301906 0.296823 0.292053 0.287268
0.282463 0.277834 0.273691 0.26934 0.265057 0.260877 0.256839
0.252854 0.247721 0.245139 0.241514 0.237935 0.234341 0.230987
0.227575 0.224266 0.22103 0.217857 0.214745 0.211627 0.208784
0.205869 0.203026 0.199907 0.197521 0.194846 0.192212 0.189629
0.187096 0.184618 0.182391 0.179761 0.177414 0.175193 0.172955
0.170801 0.168617 0.166504 0.164403 0.162402 0.16043 0.157899
0.155959 0.154652 0.15273 0.150955 0.149143 0.14735 0.145513
0.143905 0.1422 0.140658 0.139011 0.137387 0.135801 0.134114
0.132468 0.131162 0.129798 0.128414 0.126706 0.125315 0.123925
0.122537 0.121151 0.119789 0.118557 0.117239 0.115907 0.114701
0.113443 0.112225 0.111013 0.109811 0.108632 0.10741 0.106321
0.105184 0.104051 0.102904 0.101824 0.100743 0.0996683
