0. 0. 0. 0. 0. 0. 0.0000220899
0.000097346 0.000422939 0.0019307 0.0094232 0.0383031 0.092039 0.145845
0.187631 0.221222 0.245613 0.263528 0.276331 0.285213 0.290999
0.294463 0.29589 0.295784 0.294494 0.292335 0.289398 0.285781
0.281824 0.199084 0.272759 0.267977 0.26306 0.258071 0.252934
0.247811 0.242688 0.23766 0.232667 0.227724 0.222912 0.218133
0.213376 0.20875 0.204259 0.199874 0.195599 0.191244 0.187248
0.183222 0.179338 0.175519 0.171727 0.168004 0.164731 0.161165
0.157502 0.154679 0.1516 0.148504 0.145515 0.142598 0.139774
0.137048 0.134425 0.13174 0.129213 0.126734 0.124337 0.121972
0.119696 0.117452 0.115306 0.113188 0.11113 0.108824 0.107183
0.105284 0.103406 0.101565 0.0998261 0.0980179 0.0964106 0.0947678
0.0931559 0.0916453 0.0901006 0.0886323 0.0871644 0.0857328 0.0843732
0.0830022 0.0816677 0.0804012 0.0791483 0.077967 0.076717 0.075523
0.0743661 0.0732456 0.0721497 0.0710981 0.0700114 0.0689538 0.0679582
0.0654932 0.0660147 0.0650678 0.064144 0.0632296 0.0623417 0.0614735
0.0605131 0.0597333 0.0589236 0.0581312 0.057383 0.0566119 0.0558426
0.0551028 0.0543952 0.0536816 0.0529713 0.0522951 0.0516176 0.0509479
0.0503322 0.0496796 0.0490405 0.0484377 0.0478532 0.0472514 0.0466803
0.0461088 0.0455355 0.044989 0.0444484 0.0439163 0.0434021 0.0428873
0.0423813 0.0418815 0.0413942 0.0409338 0.0404195 0.04001 0.039546
0.0391077 0.03867 0.0382564 0.0378082 0.0373936 0.0369869 0.0365901
0.0361876 0.0357966 0.0354154 0.0350326 0.0346599 0.034295 0.0339341
0.0335794 0.0332244 0.0328829 0.0325405 0.0322041 0.0318754 0.0315534
0.0312087 0.0309123 0.0306052 0.0302968 0.030012 0.0297134 0.0294229
0.0291413 0.0288579 0.0285749 0.0283089 0.0280319 0.0277652
