0. 0. 0. 0.0000382896 0.0001765 0.000869924 0.00479329
0.0266733 0.113467 0.220894 0.2955 0.345285 0.378134 0.399587
0.412875 0.420285 0.423495 0.423291 0.420732 0.416494 0.410953
0.404462 0.397277 0.389611 0.381619 0.373426 0.365112 0.356777
0.34846 0.340215 0.332098 0.324057 0.316193 0.30851 0.30097
0.293629 0.286476 0.279512 0.272737 0.266262 0.259768 0.253551
0.247512 0.241887 0.236022 0.230508 0.225159 0.219981 0.214964
0.210204 0.205377 0.2008 0.196463 0.192055 0.187942 0.183826
0.179894 0.176079 0.172473 0.168714 0.165291 0.161915 0.158609
0.155411 0.152305 0.149289 0.146352 0.143499 0.140726 0.138021
0.135406 0.132855 0.130393 0.127956 0.125601 0.123311 0.121141
0.118908 0.116818 0.114744 0.112721 0.110817 0.108911 0.106992
0.105177 0.103406 0.101679 0.0999784 0.0983474 0.0967435 0.0951743
0.0936422 0.0921497 0.0906902 0.0892856 0.08787 0.0865076 0.0851752
0.0838787 0.0826038 0.0813531 0.0801435 0.0790303 0.0777917 0.0766534
0.0755363 0.0744641 0.0733792 0.0723345 0.0713095 0.0703093 0.0693281
0.0683672 0.0674286 0.0665039 0.0656015 0.0647135 0.0638453 0.062994
0.0621599 0.0613066 0.0605433 0.0597522 0.0590391 0.0582241 0.0574844
0.0567532 0.0560743 0.0553361 0.0546462 0.0539403 0.0532824 0.052666
0.0520048 0.05138 0.0507692 0.0501623 0.0495524 0.0489812 0.0484064
0.0478417 0.0472864 0.0467411 0.0462046 0.0456753 0.0451627 0.0446492
0.0441487 0.0436972 0.0431705 0.0426945 0.0422284 0.0417632 0.0413097
0.0408622 0.0404718 0.0399941 0.0395595 0.0391421 0.0387358 0.0383284
0.0379293 0.0375341 0.0371231 0.036767 0.0363916 0.0360167 0.0356574
0.0352983 0.0349333 0.0345914 0.0342536 0.0339155 0.0335828 0.0332555
0.0329311 0.0326115 0.0323166 0.0319898 0.031683 0.0313807
