0.000847615 0.00268467 0.00927491 0.0251729 0.0769346 0.306685 0.531512
0.658477 0.726032 0.759007 0.770676 0.768481 0.758263 0.742581
0.723344 0.701872 0.679985 0.657314 0.633697 0.61217 0.590395
0.569201 0.548432 0.528817 0.509995 0.491929 0.474359 0.457675
0.4412 0.426626 0.412013 0.39826 0.384972 0.372222 0.360271
0.34868 0.337677 0.326987 0.31684 0.307247 0.297918 0.289096
0.280734 0.272498 0.264856 0.257207 0.250056 0.243148 0.236561
0.230176 0.224046 0.218165 0.212501 0.207107 0.20177 0.196805
0.191908 0.187233 0.182644 0.178303 0.174132 0.170032 0.166156
0.162352 0.158597 0.155066 0.151657 0.148316 0.145118 0.141992
0.138959 0.136052 0.133218 0.130481 0.127763 0.12521 0.122695
0.120297 0.117924 0.115656 0.113436 0.111255 0.109158 0.107098
0.105097 0.103177 0.101287 0.0994555 0.0976626 0.0959201 0.0942259
0.0926198 0.0909968 0.0894409 0.0879329 0.0864371 0.0849883 0.0835519
0.0822015 0.0808517 0.079511 0.0782429 0.0769894 0.075763 0.07457
0.0734482 0.0723041 0.0712044 0.0701096 0.0690453 0.0679951 0.0669883
0.0659883 0.0650255 0.064087 0.063145 0.0622296 0.0613284 0.0604747
0.0596362 0.0588075 0.0579817 0.0571897 0.0563937 0.055626 0.0548757
0.0541389 0.053405 0.0527167 0.0520233 0.0513353 0.0506789 0.0500161
0.049365 0.048743 0.0481312 0.0475152 0.0468975 0.0463507 0.0457718
0.0452068 0.0446593 0.0441158 0.0435815 0.0430569 0.0425422 0.0420452
0.0415379 0.0410553 0.0405794 0.0401133 0.0396527 0.0392001 0.0387546
0.0383144 0.0378838 0.0374561 0.0370357 0.0366219 0.0362139 0.0358264
0.0354412 0.0350591 0.034673 0.034312 0.0339413 0.0335881 0.033221
0.0328879 0.0325393 0.0322018 0.0318711 0.0315427 0.0312231 0.0309076
0.00801919 0.0302847 0.0299796 0.0296863 0.0293926 0.0290988
