0.           -8
4.25718 10           -6
5.99171 10 0.000407499 0.00396541 0.0168264 0.0580874
0.186493 0.46629 0.844165 1.2009 1.48154 1.68511 1.82366
1.91065 1.95551 1.97383 1.98768 2.00841 1.98947 1.96092
1.92685 1.89247 1.85097 1.8086 1.76471 1.71984 1.67684
1.63223 1.5886 1.54558 1.50451 1.46214 1.42197 1.3827
1.34378 1.29296 1.26906 1.23258 1.1953 1.18617 1.14205
1.11192 1.08296 1.05458 1.02768 1.00107 0.975509 0.950764
0.927836 0.905314 0.883222 0.861942 0.841104 0.821364 0.802206
0.783466 0.76535 0.748049 0.730956 0.714683 0.698721 0.676398
0.66877 0.654348 0.640479 0.626973 0.613764 0.600914 0.588726
0.576326 0.565017 0.553677 0.54259 0.53181 0.521334 0.511178
0.501211 0.49152 0.481945 0.472724 0.463713 0.45488 0.445938
0.437615 0.429616 0.424947 0.417658 0.410183 0.403307 0.396348
0.389671 0.382752 0.376763 0.37049 0.36291 0.358488 0.352373
0.346867 0.341507 0.336126 0.330748 0.325561 0.320521 0.315594
0.310812 0.303509 0.301417 0.297043 0.292695 0.28838 0.28424
0.280093 0.275987 0.272068 0.268202 0.264445 0.260739 0.257066
0.253525 0.25005 0.246534 0.24331 0.240082 0.236858 0.2337
0.230571 0.227494 0.224587 0.221715 0.218842 0.215883 0.213324
0.210635 0.208001 0.205395 0.202869 0.200358 0.197926 0.195205
0.192006 0.190843 0.188558 0.186322 0.183969 0.181927 0.179806
0.177667 0.175644 0.173616 0.171629 0.169651 0.167721 0.165626
0.163964 0.16207 0.160292 0.158515 0.156748 0.155032 0.153297
0.151642 0.149974 0.148344 0.146743 0.145136 0.143611 0.142074
0.140572 0.139095 0.137502 0.136119 0.134679 0.133154 0.131802
0.130448 0.129067 0.127658 0.126303 0.124984 0.123668
