0.00039028 0.00119857 0.00409762 0.0110204 0.0324035 0.112383 0.390181
0.668884 0.820906 0.900718 0.938571 0.951302 0.948018 0.935329
0.915869 0.892621 0.867147 0.840356 0.812787 0.785476 0.758389
0.732081 0.706182 0.681311 0.657263 0.634201 0.611982 0.590761
0.5704 0.550936 0.532243 0.514509 0.497456 0.48112 0.465619
0.450768 0.436526 0.418483 0.40974 0.39727 0.385408 0.373997
0.363079 0.352464 0.34248 0.33278 0.323447 0.314562 0.306039
0.297783 0.289864 0.282253 0.274948 0.267895 0.261093 0.254574
0.248274 0.24219 0.236313 0.230684 0.225224 0.219945 0.214863
0.209944 0.205183 0.200591 0.196143 0.191863 0.187664 0.183635
0.179741 0.175962 0.172293 0.168575 0.165278 0.161924 0.158664
0.155544 0.152496 0.14953 0.146646 0.143838 0.141114 0.138461
0.135881 0.133369 0.130948 0.128544 0.126262 0.124009 0.121835
0.11971 0.117638 0.115618 0.113659 0.111728 0.109857 0.108028
0.106242 0.104481 0.10278 0.101117 0.0994921 0.0979387 0.0964067
0.0949037 0.0934329 0.0919898 0.0905843 0.0892084 0.0878658 0.0865558
0.0852769 0.0840232 0.0828148 0.0815924 0.080417 0.079265 0.0781396
0.0770294 0.0759631 0.0749083 0.0738725 0.0728551 0.0718481 0.0708729
0.0699402 0.0690078 0.0680925 0.0671942 0.0663111 0.0654491 0.0646009
0.0637735 0.0629605 0.0621623 0.061378 0.0606127 0.0598546 0.0591137
0.0583865 0.0576727 0.0569718 0.0562851 0.0556093 0.0549449 0.0542916
0.0536502 0.0530181 0.0524054 0.0517992 0.0511999 0.0506157 0.0500389
0.0494713 0.0489122 0.0483642 0.0478233 0.0472923 0.0467701 0.0462523
0.0457501 0.0452555 0.0447717 0.0442928 0.0438218 0.0433568 0.0428877
0.0424495 0.0420059 0.041564 0.0411389 0.0407152 0.0402907 0.0398868
0.0394811 0.0390828 0.0386848 0.0383026 0.0379211 0.037539
