0. 0.0000268748 0.000284215 0.00127194 0.00448896 0.0180713 0.105567
0.225161 0.295328 0.335945 0.358996 0.370885 0.37549 0.375178
0.371511 0.365593 0.358144 0.349704 0.340641 0.331216 0.32164
0.311977 0.302509 0.293141 0.283978 0.275049 0.266393 0.258012
0.249912 0.242106 0.234569 0.227329 0.22036 0.213656 0.207212
0.201019 0.195079 0.189369 0.183878 0.178596 0.173532 0.168656
0.163973 0.15945 0.155136 0.150967 0.146953 0.143096 0.139372
0.135794 0.13234 0.12901 0.125801 0.122709 0.119723 0.116841
0.114059 0.111371 0.108775 0.106266 0.10384 0.101496 0.0992255
0.097031 0.0949048 0.0928498 0.0908524 0.0889217 0.0870243 0.0852291
0.0834804 0.0817745 0.0801207 0.0784997 0.0769555 0.0754416 0.0739703
0.0725418 0.0458866 0.069805 0.0684945 0.0672194 0.065977 0.06477
0.063591 0.0624519 0.0613383 0.0602506 0.0591983 0.0581709 0.0571672
0.05619 0.0552377 0.0543094 0.0534019 0.0525205 0.0516588 0.0508176
0.0499964 0.0491937 0.0484122 0.0476478 0.0469018 0.0461728 0.0454634
0.0447664 0.0440851 0.0434208 0.0427719 0.0421357 0.0415129 0.0409062
0.0403086 0.0397268 0.0391583 0.0385968 0.0380547 0.03752 0.0369968
0.0364823 0.0359824 0.0354896 0.0350059 0.0345359 0.034071 0.0336161
0.0331751 0.0327394 0.0323119 0.0318923 0.0314766 0.0310788 0.0306825
0.0302945 0.029914 0.0295404 0.0291735 0.0288114 0.0284602 0.0281137
0.0277616 0.0274372 0.027109 0.0267865 0.0264703 0.0261584 0.0258517
0.0255497 0.0252442 0.024965 0.0246801 0.0243966 0.0241234 0.0238518
0.0235824 0.0233195 0.0230652 0.022811 0.0225618 0.0223162 0.0219335
0.0218372 0.0216032 0.0213726 0.0211465 0.0209238 0.0207039 0.0204869
0.0199363 0.0200669 0.0198596 0.0196577 0.0194573 0.0192589 0.0190671
0.0188756 0.0186879 0.0185007 0.0183195 0.0181397 0.0179612
