0. 0. 0. 0.0000290151 0.000127161 0.000516189 0.00222025
0.0101384 0.0515968 0.1552 0.241669 0.300227 0.339595 0.365821
0.382781 0.393095 0.398615 0.40025 0.399231 0.396242 0.391738
0.386106 0.37965 0.370221 0.365125 0.357377 0.349457 0.341458
0.333442 0.325468 0.317594 0.309782 0.302126 0.294657 0.287284
0.28012 0.273136 0.266336 0.259865 0.253412 0.247056 0.240992
0.235097 0.22937 0.223883 0.21853 0.213333 0.208302 0.203428
0.198808 0.194121 0.189682 0.185467 0.18121 0.177237 0.17325
0.169451 0.165767 0.162174 0.158727 0.155364 0.152115 0.148933
0.145837 0.142874 0.140006 0.137159 0.132407 0.131767 0.129182
0.126673 0.124234 0.121817 0.11955 0.117303 0.115118 0.113042
0.110921 0.108933 0.106982 0.105031 0.103167 0.101386 0.0995843
0.0978603 0.0961835 0.0945428 0.0929424 0.0913841 0.0898632 0.0883793
0.0869296 0.0855161 0.08406 0.0828135 0.081473 0.080187 0.0789303
0.0777037 0.0764766 0.0753462 0.0741855 0.0731361 0.0719694 0.0708988
0.0698491 0.0688245 0.0678196 0.066839 0.0659115 0.0649369 0.0640159
0.0631101 0.0622287 0.0613658 0.0605198 0.0596884 0.0588751 0.0580779
0.0572968 0.0565166 0.0557706 0.0550446 0.0543231 0.0536152 0.052921
0.0522401 0.0283488 0.0509172 0.0502931 0.0496436 0.0490024 0.048428
0.0478127 0.047229 0.0466576 0.0460922 0.0455351 0.0449917 0.0444575
0.043937 0.0434142 0.042907 0.0424081 0.0419424 0.0414357 0.040962
0.040502 0.0400382 0.0395881 0.0391469 0.0387138 0.0382812 0.0378604
0.0374442 0.0370536 0.0366372 0.0362405 0.0358514 0.0354721 0.0350956
0.0347257 0.0296007 0.0340025 0.033649 0.0333109 0.0329563 0.0326456
0.0322886 0.0319628 0.0316329 0.031323 0.0310106 0.0307026 0.0304015
0.0301003 0.0298051 0.0295152 0.0292297 0.0289456 0.0286692
