0. 0.0000571329 0.000645835 0.00310599 0.0115942 0.0457897 0.220347
0.546271 0.760434 0.884645 0.956224 0.994513 1.01109 1.01315
1.00537 0.99088 0.971871 0.949912 0.926015 0.900995 0.875424
0.849699 0.824129 0.798911 0.7742 0.750098 0.726683 0.703988
0.682043 0.66086 0.640428 0.620746 0.601834 0.583624 0.56611
0.549279 0.533101 0.517536 0.502697 0.488237 0.474417 0.461153
0.448392 0.436117 0.424265 0.412949 0.401997 0.391458 0.381313
0.371534 0.36212 0.353037 0.344024 0.335831 0.327678 0.319809
0.312211 0.304872 0.297771 0.290927 0.2843 0.277891 0.271691
0.265692 0.259884 0.25426 0.248813 0.243512 0.23842 0.233405
0.228652 0.223988 0.219463 0.214762 0.210807 0.206666 0.202644
0.198737 0.194933 0.19125 0.187662 0.184173 0.180778 0.177476
0.174263 0.171134 0.168086 0.16512 0.162229 0.159412 0.156668
0.153994 0.151388 0.148846 0.146358 0.143951 0.141593 0.139292
0.137046 0.134805 0.132708 0.130615 0.128557 0.126576 0.124624
0.12272 0.120858 0.119037 0.117257 0.115514 0.113813 0.112147
0.110517 0.108694 0.107338 0.105835 0.104339 0.102862 0.101442
0.100006 0.0986619 0.0973146 0.0959947 0.0946968 0.0933942 0.0921343
0.0909719 0.0897789 0.0886078 0.0874596 0.0863312 0.0852282 0.0841439
0.0830767 0.0820349 0.0810137 0.0800085 0.0790004 0.0780538 0.0771029
0.0761692 0.0752514 0.0743519 0.0734674 0.0725985 0.0717449 0.0709057
0.0700819 0.0692721 0.0684761 0.0676933 0.0669076 0.0661679 0.0654249
0.0646939 0.0639651 0.0632679 0.0625699 0.0618864 0.0612155 0.0605403
0.059902 0.0592608 0.05863 0.0580089 0.0573982 0.0567946 0.0561749
0.0556219 0.0550481 0.0544729 0.0539266 0.0533785 0.0528142 0.0523073
0.0517826 0.0512676 0.0507433 0.0502591 0.0497658 0.0492596
